Goodput:
reno = [9.0717, 9.0774, 9.0722, 9.0787, 9.075, 9.0915, 9.0926, 9.0812, 9.0896, 9.097]
cubic = [9.4663, 9.3966, 9.4686, 9.4494, 9.417, 9.4518, 9.4471, 9.4512, 9.464, 9.4169]
pulse = [7.9367, 7.9339, 7.9184, 7.9069, 7.8866, 7.8767, 7.8839, 7.9129, 7.9744, 7.9425]

Throughput:
reno=[9.0825, 9.0899, 9.084, 9.09, 9.0877, 9.1035, 9.1049, 9.0933, 9.1008, 9.1074]
cubic=[9.4844, 9.417, 9.4867, 9.4676, 9.4343, 9.4711, 9.4666, 9.468, 9.4818, 9.434]
pulse=[7.9657, 7.9613, 7.947, 7.932, 7.9102, 7.903, 7.9192, 7.938, 8.0026, 7.9683]

Loss_ratio
reno=[0.0012, 0.0014, 0.0013, 0.0012, 0.0014, 0.0013, 0.0013, 0.0013, 0.0012, 0.0011]
cubic=[0.0019, 0.0022, 0.0019, 0.0019, 0.0018, 0.002, 0.0021, 0.0018, 0.0019, 0.0018]
pulse=[0.0036, 0.0034, 0.0036, 0.0032, 0.003, 0.0033, 0.0045, 0.0032, 0.0035, 0.0032]

RTT Mean:

reno=[0.1204, 0.1204, 0.1207, 0.1218, 0.1209, 0.1208, 0.121, 0.1204, 0.1206, 0.1208]
cubic=[0.1282, 0.1266, 0.1271, 0.1278, 0.1271, 0.1273, 0.1275, 0.127, 0.1275, 0.1283]
pulse=[0.1124, 0.1131, 0.1123, 0.1117, 0.1128, 0.1127, 0.1129, 0.1123, 0.1118, 0.1114]

RTT Median:

reno=[0.1163, 0.1167, 0.117, 0.1188, 0.1166, 0.1177, 0.1172, 0.1169, 0.1174, 0.1172]
cubic=[0.1289, 0.1261, 0.1267, 0.1285, 0.1273, 0.1275, 0.1277, 0.1259, 0.1273, 0.1301]
pulse=[0.1056, 0.106, 0.1064, 0.1056, 0.1073, 0.1071, 0.1065, 0.1068, 0.1057, 0.1057]
